swe,temp_avg,year,month,day,state,elevation,station_id
0.5,17,2000,01,03,AZ,7,308
0.5,31,2000,01,04,AZ,7,308
0.6,31,2000,01,05,AZ,7,308
0.6,21,2000,01,06,AZ,7,308
0.6,28,2000,01,07,AZ,7,308
0.6,30,2000,01,08,AZ,7,308
0.6,31,2000,01,09,AZ,7,308
0.6,36,2000,01,10,AZ,7,308
0.6,38,2000,01,11,AZ,7,308
0.6,38,2000,01,12,AZ,7,308
0.6,44,2000,01,13,AZ,7,308
0.6,45,2000,01,14,AZ,7,308
0.6,47,2000,01,15,AZ,7,308
0.5,46,2000,01,16,AZ,7,308
0.3,47,2000,01,17,AZ,7,308
0.2,28,2000,03,05,AZ,7,308
2.2,25,2000,03,06,AZ,7,308
3.8,25,2000,03,07,AZ,7,308
4.1,29,2000,03,08,AZ,7,308
4.1,32,2000,03,09,AZ,7,308
4.1,33,2000,03,10,AZ,7,308
4.0,41,2000,03,11,AZ,7,308
3.8,45,2000,03,12,AZ,7,308
3.5,45,2000,03,13,AZ,7,308
3.2,46,2000,03,14,AZ,7,308
2.8,45,2000,03,15,AZ,7,308
2.5,40,2000,03,16,AZ,7,308
2.2,43,2000,03,17,AZ,7,308
1.8,40,2000,03,18,AZ,7,308
1.5,44,2000,03,19,AZ,7,308
1.4,30,2000,03,20,AZ,7,308
1.4,23,2000,03,21,AZ,7,308
1.8,29,2000,03,22,AZ,7,308
1.9,37,2000,03,23,AZ,7,308
1.7,42,2000,03,24,AZ,7,308
1.4,45,2000,03,25,AZ,7,308
1.0,47,2000,03,26,AZ,7,308
0.4,46,2000,03,27,AZ,7,308
0.1,30,2000,04,01,AZ,7,308
0.2,37,2000,04,02,AZ,7,308
0.5,31,2001,01,09,AZ,7,308
1.0,31,2001,01,10,AZ,7,308
1.0,31,2001,01,11,AZ,7,308
1.1,26,2001,01,12,AZ,7,308
2.1,22,2001,01,13,AZ,7,308
2.1,24,2001,01,14,AZ,7,308
2.1,23,2001,01,15,AZ,7,308
2.4,21,2001,01,16,AZ,7,308
2.8,18,2001,01,17,AZ,7,308
2.8,18,2001,01,18,AZ,7,308
2.9,27,2001,01,19,AZ,7,308
2.9,31,2001,01,20,AZ,7,308
2.9,36,2001,01,21,AZ,7,308
2.9,35,2001,01,22,AZ,7,308
2.9,33,2001,01,23,AZ,7,308
2.9,34,2001,01,24,AZ,7,308
2.9,29,2001,01,25,AZ,7,308
2.9,30,2001,01,26,AZ,7,308
2.9,24,2001,01,27,AZ,7,308
4.0,21,2001,01,28,AZ,7,308
4.1,24,2001,01,29,AZ,7,308
4.1,22,2001,01,30,AZ,7,308
4.1,19,2001,01,31,AZ,7,308
4.1,23,2001,02,01,AZ,7,308
4.1,37,2001,02,02,AZ,7,308
4.1,43,2001,02,03,AZ,7,308
4.1,44,2001,02,04,AZ,7,308
3.9,45,2001,02,05,AZ,7,308
3.8,41,2001,02,06,AZ,7,308
3.6,34,2001,02,07,AZ,7,308
3.5,21,2001,02,08,AZ,7,308
3.9,23,2001,02,09,AZ,7,308
4.0,30,2001,02,10,AZ,7,308
4.0,29,2001,02,11,AZ,7,308
4.0,33,2001,02,12,AZ,7,308
4.0,29,2001,02,13,AZ,7,308
5.0,22,2001,02,14,AZ,7,308
5.8,22,2001,02,15,AZ,7,308
5.8,28,2001,02,16,AZ,7,308
5.8,36,2001,02,17,AZ,7,308
5.7,38,2001,02,18,AZ,7,308
5.6,38,2001,02,19,AZ,7,308
5.5,38,2001,02,20,AZ,7,308
5.4,39,2001,02,21,AZ,7,308
5.3,40,2001,02,22,AZ,7,308
5.2,29,2001,02,23,AZ,7,308
5.3,25,2001,02,24,AZ,7,308
5.3,30,2001,02,25,AZ,7,308
5.5,29,2001,02,26,AZ,7,308
5.9,31,2001,02,27,AZ,7,308
6.4,26,2001,02,28,AZ,7,308
7.2,29,2001,03,01,AZ,7,308
7.2,31,2001,03,02,AZ,7,308
7.2,30,2001,03,03,AZ,7,308
7.2,36,2001,03,04,AZ,7,308
7.2,40,2001,03,05,AZ,7,308
7.0,40,2001,03,06,AZ,7,308
6.8,32,2001,03,07,AZ,7,308
7.4,36,2001,03,08,AZ,7,308
7.3,36,2001,03,09,AZ,7,308
7.2,26,2001,03,10,AZ,7,308
8.1,26,2001,03,11,AZ,7,308
8.9,32,2001,03,12,AZ,7,308
8.9,37,2001,03,13,AZ,7,308
8.8,38,2001,03,14,AZ,7,308
8.7,36,2001,03,15,AZ,7,308
8.5,39,2001,03,16,AZ,7,308
8.3,37,2001,03,17,AZ,7,308
8.1,41,2001,03,18,AZ,7,308
7.8,47,2001,03,19,AZ,7,308
7.3,49,2001,03,20,AZ,7,308
6.8,48,2001,03,21,AZ,7,308
6.3,47,2001,03,22,AZ,7,308
5.7,47,2001,03,23,AZ,7,308
5.2,49,2001,03,24,AZ,7,308
4.6,48,2001,03,25,AZ,7,308
4.0,46,2001,03,26,AZ,7,308
3.4,42,2001,03,27,AZ,7,308
2.9,44,2001,03,28,AZ,7,308
2.3,45,2001,03,29,AZ,7,308
1.8,46,2001,03,30,AZ,7,308
1.1,49,2001,03,31,AZ,7,308
0.2,49,2001,04,01,AZ,7,308
0.2,46,2001,04,02,AZ,7,308
0.1,42,2001,04,03,AZ,7,308
0.1,43,2001,04,04,AZ,7,308
0.1,37,2001,04,05,AZ,7,308
1.0,31,2001,04,06,AZ,7,308
1.4,35,2001,04,07,AZ,7,308
1.2,33,2001,04,08,AZ,7,308
0.8,35,2001,04,09,AZ,7,308
0.4,24,2001,04,10,AZ,7,308
1.1,29,2001,04,11,AZ,7,308
1.1,32,2001,04,12,AZ,7,308
1.0,41,2001,04,13,AZ,7,308
0.4,44,2001,04,14,AZ,7,308
0.1,48,2001,04,15,AZ,7,308
2.2,27,2002,01,01,AZ,7,308
2.2,29,2002,01,02,AZ,7,308
2.2,34,2002,01,03,AZ,7,308
2.2,28,2002,01,04,AZ,7,308
2.2,32,2002,01,05,AZ,7,308
2.2,40,2002,01,06,AZ,7,308
2.2,42,2002,01,07,AZ,7,308
2.2,48,2002,01,08,AZ,7,308
2.1,42,2002,01,09,AZ,7,308
1.9,35,2002,01,10,AZ,7,308
1.8,34,2002,01,11,AZ,7,308
1.7,42,2002,01,12,AZ,7,308
1.7,40,2002,01,13,AZ,7,308
1.7,39,2002,01,14,AZ,7,308
1.7,37,2002,01,15,AZ,7,308
1.7,31,2002,01,16,AZ,7,308
1.7,29,2002,01,17,AZ,7,308
1.7,25,2002,01,18,AZ,7,308
1.7,28,2002,01,19,AZ,7,308
1.6,27,2002,01,20,AZ,7,308
1.6,37,2002,01,21,AZ,7,308
1.6,32,2002,01,22,AZ,7,308
1.6,22,2002,01,23,AZ,7,308
1.6,21,2002,01,24,AZ,7,308
1.6,38,2002,01,25,AZ,7,308
1.6,37,2002,01,26,AZ,7,308
1.6,36,2002,01,27,AZ,7,308
1.6,32,2002,01,28,AZ,7,308
1.6,26,2002,01,29,AZ,7,308
1.6,18,2002,01,30,AZ,7,308
1.8,15,2002,01,31,AZ,7,308
1.9,27,2002,02,01,AZ,7,308
1.9,29,2002,02,02,AZ,7,308
2.0,31,2002,02,03,AZ,7,308
2.0,32,2002,02,04,AZ,7,308
2.0,26,2002,02,05,AZ,7,308
2.0,34,2002,02,06,AZ,7,308
2.0,39,2002,02,07,AZ,7,308
2.0,37,2002,02,08,AZ,7,308
2.0,25,2002,02,09,AZ,7,308
2.0,28,2002,02,10,AZ,7,308
2.0,40,2002,02,11,AZ,7,308
1.9,44,2002,02,12,AZ,7,308
1.7,38,2002,02,13,AZ,7,308
1.4,38,2002,02,14,AZ,7,308
1.2,39,2002,02,15,AZ,7,308
1.0,44,2002,02,16,AZ,7,308
0.6,39,2002,02,17,AZ,7,308
0.4,29,2002,02,18,AZ,7,308
0.3,31,2002,02,19,AZ,7,308
0.2,39,2002,02,20,AZ,7,308
2.1,26,2003,01,01,AZ,7,308
2.1,32,2003,01,02,AZ,7,308
2.1,40,2003,01,03,AZ,7,308
2.2,45,2003,01,04,AZ,7,308
2.1,43,2003,01,05,AZ,7,308
2.0,33,2003,01,06,AZ,7,308
1.9,36,2003,01,07,AZ,7,308
1.9,36,2003,01,08,AZ,7,308
2.2,33,2003,01,09,AZ,7,308
2.0,35,2003,01,10,AZ,7,308
1.9,34,2003,01,11,AZ,7,308
1.8,36,2003,01,12,AZ,7,308
1.9,43,2003,01,13,AZ,7,308
1.9,44,2003,01,14,AZ,7,308
1.7,39,2003,01,15,AZ,7,308
1.6,41,2003,01,16,AZ,7,308
1.6,42,2003,01,17,AZ,7,308
1.5,41,2003,01,18,AZ,7,308
1.5,42,2003,01,19,AZ,7,308
1.4,37,2003,01,20,AZ,7,308
1.2,36,2003,01,21,AZ,7,308
1.1,37,2003,01,22,AZ,7,308
1.0,46,2003,01,23,AZ,7,308
0.8,44,2003,01,24,AZ,7,308
0.5,41,2003,01,25,AZ,7,308
0.3,42,2003,01,26,AZ,7,308
0.2,45,2003,01,27,AZ,7,308
0.1,41,2003,01,28,AZ,7,308
0.1,42,2003,01,29,AZ,7,308
0.1,46,2003,01,30,AZ,7,308
0.1,47,2003,01,31,AZ,7,308
0.1,47,2003,02,01,AZ,7,308
0.1,35,2003,02,02,AZ,7,308
0.2,25,2003,02,09,AZ,7,308
0.2,34,2003,02,10,AZ,7,308
0.3,38,2003,02,11,AZ,7,308
0.1,40,2003,02,12,AZ,7,308
0.2,38,2003,02,13,AZ,7,308
0.1,35,2003,02,14,AZ,7,308
0.1,30,2003,02,25,AZ,7,308
1.9,28,2003,02,26,AZ,7,308
3.0,27,2003,02,27,AZ,7,308
4.7,25,2003,02,28,AZ,7,308
5.1,25,2003,03,01,AZ,7,308
5.5,26,2003,03,02,AZ,7,308
5.4,29,2003,03,03,AZ,7,308
5.3,27,2003,03,04,AZ,7,308
5.3,28,2003,03,05,AZ,7,308
5.4,32,2003,03,06,AZ,7,308
5.3,37,2003,03,07,AZ,7,308
5.2,41,2003,03,08,AZ,7,308
5.0,46,2003,03,09,AZ,7,308
4.8,46,2003,03,10,AZ,7,308
4.5,46,2003,03,11,AZ,7,308
4.1,46,2003,03,12,AZ,7,308
3.7,47,2003,03,13,AZ,7,308
3.2,45,2003,03,14,AZ,7,308
2.8,40,2003,03,15,AZ,7,308
2.5,33,2003,03,16,AZ,7,308
3.4,28,2003,03,17,AZ,7,308
4.7,28,2003,03,18,AZ,7,308
4.8,30,2003,03,19,AZ,7,308
4.7,34,2003,03,20,AZ,7,308
4.5,36,2003,03,21,AZ,7,308
4.2,43,2003,03,22,AZ,7,308
3.9,45,2003,03,23,AZ,7,308
3.5,42,2003,03,24,AZ,7,308
3.1,44,2003,03,25,AZ,7,308
2.6,47,2003,03,26,AZ,7,308
2.1,40,2003,03,27,AZ,7,308
1.5,30,2003,03,28,AZ,7,308
1.2,33,2003,03,29,AZ,7,308
0.9,44,2003,03,30,AZ,7,308
0.6,49,2003,03,31,AZ,7,308
0.3,31,2004,01,01,AZ,7,308
0.4,33,2004,01,02,AZ,7,308
0.3,27,2004,01,03,AZ,7,308
1.3,19,2004,01,04,AZ,7,308
1.4,22,2004,01,05,AZ,7,308
1.4,35,2004,01,06,AZ,7,308
1.4,36,2004,01,07,AZ,7,308
1.4,38,2004,01,08,AZ,7,308
1.4,39,2004,01,09,AZ,7,308
1.4,41,2004,01,10,AZ,7,308
1.4,41,2004,01,11,AZ,7,308
1.4,39,2004,01,12,AZ,7,308
1.4,39,2004,01,13,AZ,7,308
1.4,36,2004,01,14,AZ,7,308
1.3,32,2004,01,15,AZ,7,308
1.2,33,2004,01,16,AZ,7,308
1.4,29,2004,01,17,AZ,7,308
1.4,33,2004,01,18,AZ,7,308
1.4,33,2004,01,19,AZ,7,308
1.4,28,2004,01,20,AZ,7,308
1.6,27,2004,01,21,AZ,7,308
1.7,27,2004,01,22,AZ,7,308
1.7,34,2004,01,23,AZ,7,308
1.7,31,2004,01,24,AZ,7,308
2.1,21,2004,01,26,AZ,7,308
2.2,29,2004,01,27,AZ,7,308
2.3,31,2004,01,28,AZ,7,308
2.3,34,2004,01,29,AZ,7,308
2.3,35,2004,01,30,AZ,7,308
2.4,28,2004,01,31,AZ,7,308
2.5,24,2004,02,01,AZ,7,308
2.5,29,2004,02,02,AZ,7,308
2.6,25,2004,02,03,AZ,7,308
3.0,23,2004,02,04,AZ,7,308
3.1,22,2004,02,05,AZ,7,308
3.1,25,2004,02,06,AZ,7,308
3.1,30,2004,02,07,AZ,7,308
3.1,27,2004,02,08,AZ,7,308
3.1,29,2004,02,09,AZ,7,308
3.1,26,2004,02,10,AZ,7,308
3.1,30,2004,02,11,AZ,7,308
3.1,18,2004,02,12,AZ,7,308
3.1,21,2004,02,13,AZ,7,308
3.1,34,2004,02,14,AZ,7,308
3.1,36,2004,02,15,AZ,7,308
3.1,39,2004,02,16,AZ,7,308
3.1,46,2004,02,17,AZ,7,308
3.1,46,2004,02,18,AZ,7,308
2.8,30,2004,02,19,AZ,7,308
2.7,34,2004,02,20,AZ,7,308
2.6,33,2004,02,21,AZ,7,308
2.5,30,2004,02,22,AZ,7,308
2.6,29,2004,02,23,AZ,7,308
3.7,30,2004,02,24,AZ,7,308
3.8,33,2004,02,25,AZ,7,308
3.7,36,2004,02,26,AZ,7,308
3.7,30,2004,02,27,AZ,7,308
4.5,24,2004,02,28,AZ,7,308
4.9,26,2004,02,29,AZ,7,308
4.9,26,2004,03,01,AZ,7,308
4.9,29,2004,03,02,AZ,7,308
5.0,33,2004,03,03,AZ,7,308
5.0,31,2004,03,04,AZ,7,308
5.2,31,2004,03,05,AZ,7,308
5.2,38,2004,03,06,AZ,7,308
5.1,46,2004,03,07,AZ,7,308
4.8,49,2004,03,08,AZ,7,308
4.3,51,2004,03,09,AZ,7,308
3.8,51,2004,03,10,AZ,7,308
3.1,46,2004,03,11,AZ,7,308
2.6,42,2004,03,12,AZ,7,308
2.2,42,2004,03,13,AZ,7,308
1.6,47,2004,03,14,AZ,7,308
1.0,47,2004,03,15,AZ,7,308
0.1,50,2004,03,16,AZ,7,308
0.1,33,2004,04,02,AZ,7,308
0.3,32,2004,04,03,AZ,7,308
0.1,42,2004,04,06,AZ,7,308
1.4,35,2005,01,01,AZ,7,308
1.4,36,2005,01,02,AZ,7,308
1.5,35,2005,01,03,AZ,7,308
3.6,31,2005,01,04,AZ,7,308
6.2,27,2005,01,05,AZ,7,308
6.2,26,2005,01,06,AZ,7,308
6.1,26,2005,01,07,AZ,7,308
6.3,34,2005,01,08,AZ,7,308
6.3,40,2005,01,09,AZ,7,308
6.3,42,2005,01,10,AZ,7,308
6.3,35,2005,01,11,AZ,7,308
6.8,28,2005,01,12,AZ,7,308
6.7,34,2005,01,13,AZ,7,308
6.7,41,2005,01,14,AZ,7,308
6.6,45,2005,01,15,AZ,7,308
6.6,47,2005,01,16,AZ,7,308
6.6,43,2005,01,17,AZ,7,308
6.5,44,2005,01,18,AZ,7,308
6.4,47,2005,01,19,AZ,7,308
6.4,48,2005,01,20,AZ,7,308
6.3,45,2005,01,21,AZ,7,308
6.1,45,2005,01,22,AZ,7,308
5.8,44,2005,01,23,AZ,7,308
5.6,39,2005,01,24,AZ,7,308
5.4,41,2005,01,25,AZ,7,308
5.3,38,2005,01,26,AZ,7,308
5.4,35,2005,01,27,AZ,7,308
5.9,35,2005,01,28,AZ,7,308
5.8,32,2005,01,29,AZ,7,308
6.3,33,2005,01,30,AZ,7,308
6.4,31,2005,01,31,AZ,7,308
6.3,31,2005,02,01,AZ,7,308
6.3,30,2005,02,02,AZ,7,308
6.3,34,2005,02,03,AZ,7,308
6.3,38,2005,02,04,AZ,7,308
6.3,38,2005,02,05,AZ,7,308
6.2,36,2005,02,06,AZ,7,308
6.5,33,2005,02,07,AZ,7,308
7.3,34,2005,02,08,AZ,7,308
7.3,38,2005,02,09,AZ,7,308
7.4,41,2005,02,10,AZ,7,308
7.0,40,2005,02,11,AZ,7,308
6.5,37,2005,02,12,AZ,7,308
6.8,39,2005,02,13,AZ,7,308
6.6,40,2005,02,14,AZ,7,308
6.6,40,2005,02,15,AZ,7,308
6.4,42,2005,02,16,AZ,7,308
6.2,43,2005,02,17,AZ,7,308
5.9,40,2005,02,18,AZ,7,308
5.3,35,2005,02,19,AZ,7,308
6.3,35,2005,02,20,AZ,7,308
6.8,37,2005,02,21,AZ,7,308
7.3,37,2005,02,22,AZ,7,308
7.7,35,2005,02,23,AZ,7,308
7.5,34,2005,02,24,AZ,7,308
7.7,34,2005,02,25,AZ,7,308
7.8,35,2005,02,26,AZ,7,308
7.9,36,2005,02,27,AZ,7,308
7.8,38,2005,02,28,AZ,7,308
7.7,40,2005,03,01,AZ,7,308
7.5,41,2005,03,02,AZ,7,308
7.3,38,2005,03,03,AZ,7,308
7.3,40,2005,03,04,AZ,7,308
7.5,36,2005,03,05,AZ,7,308
8.1,37,2005,03,06,AZ,7,308
8.0,43,2005,03,07,AZ,7,308
7.8,47,2005,03,08,AZ,7,308
7.5,49,2005,03,09,AZ,7,308
7.1,53,2005,03,10,AZ,7,308
6.6,51,2005,03,11,AZ,7,308
6.1,50,2005,03,12,AZ,7,308
5.5,47,2005,03,13,AZ,7,308
4.9,33,2005,03,14,AZ,7,308
4.8,30,2005,03,15,AZ,7,308
5.0,37,2005,03,16,AZ,7,308
4.6,39,2005,03,17,AZ,7,308
4.4,38,2005,03,18,AZ,7,308
4.1,35,2005,03,19,AZ,7,308
4.7,37,2005,03,20,AZ,7,308
4.6,38,2005,03,21,AZ,7,308
4.4,42,2005,03,22,AZ,7,308
4.0,38,2005,03,23,AZ,7,308
3.8,35,2005,03,24,AZ,7,308
3.6,32,2005,03,25,AZ,7,308
4.5,33,2005,03,26,AZ,7,308
4.5,44,2005,03,27,AZ,7,308
4.3,43,2005,03,28,AZ,7,308
4.1,37,2005,03,29,AZ,7,308
3.7,38,2005,03,30,AZ,7,308
3.3,35,2005,03,31,AZ,7,308
3.0,44,2005,04,01,AZ,7,308
2.3,50,2005,04,02,AZ,7,308
1.6,51,2005,04,03,AZ,7,308
0.6,42,2005,04,04,AZ,7,308
0.4,26,2006,03,11,AZ,7,308
2.2,23,2006,03,12,AZ,7,308
2.4,29,2006,03,13,AZ,7,308
2.4,40,2006,03,14,AZ,7,308
2.4,40,2006,03,15,AZ,7,308
2.1,42,2006,03,16,AZ,7,308
1.9,43,2006,03,17,AZ,7,308
1.5,35,2006,03,18,AZ,7,308
1.4,28,2006,03,19,AZ,7,308
1.6,30,2006,03,20,AZ,7,308
1.9,30,2006,03,21,AZ,7,308
2.2,32,2006,03,22,AZ,7,308
2.1,43,2006,03,23,AZ,7,308
1.9,46,2006,03,24,AZ,7,308
1.5,48,2006,03,25,AZ,7,308
1.0,46,2006,03,26,AZ,7,308
0.4,44,2006,03,27,AZ,7,308
1.6,34,2007,01,01,AZ,7,308
1.5,34,2007,01,02,AZ,7,308
1.5,42,2007,01,03,AZ,7,308
1.5,39,2007,01,04,AZ,7,308
1.5,30,2007,01,05,AZ,7,308
1.6,29,2007,01,06,AZ,7,308
1.7,33,2007,01,07,AZ,7,308
1.6,41,2007,01,08,AZ,7,308
1.6,44,2007,01,09,AZ,7,308
1.6,42,2007,01,10,AZ,7,308
1.6,39,2007,01,11,AZ,7,308
1.6,30,2007,01,12,AZ,7,308
1.7,20,2007,01,13,AZ,7,308
1.8,16,2007,01,14,AZ,7,308
1.8,16,2007,01,15,AZ,7,308
1.8,20,2007,01,16,AZ,7,308
1.8,29,2007,01,17,AZ,7,308
1.9,31,2007,01,18,AZ,7,308
1.8,30,2007,01,19,AZ,7,308
2.1,27,2007,01,20,AZ,7,308
2.5,22,2007,01,21,AZ,7,308
2.8,24,2007,01,22,AZ,7,308
2.9,30,2007,01,23,AZ,7,308
2.9,36,2007,01,24,AZ,7,308
2.9,37,2007,01,25,AZ,7,308
2.9,36,2007,01,26,AZ,7,308
2.9,33,2007,01,27,AZ,7,308
2.9,38,2007,01,28,AZ,7,308
2.9,40,2007,01,29,AZ,7,308
2.9,34,2007,01,30,AZ,7,308
3.3,31,2007,01,31,AZ,7,308
4.3,29,2007,02,01,AZ,7,308
4.7,25,2007,02,02,AZ,7,308
4.6,35,2007,02,03,AZ,7,308
4.6,45,2007,02,04,AZ,7,308
4.6,45,2007,02,05,AZ,7,308
4.5,48,2007,02,06,AZ,7,308
4.3,46,2007,02,07,AZ,7,308
4.2,45,2007,02,08,AZ,7,308
4.1,44,2007,02,09,AZ,7,308
3.9,45,2007,02,10,AZ,7,308
3.8,41,2007,02,11,AZ,7,308
3.9,37,2007,02,12,AZ,7,308
3.9,33,2007,02,13,AZ,7,308
4.2,30,2007,02,14,AZ,7,308
4.2,33,2007,02,15,AZ,7,308
4.2,43,2007,02,16,AZ,7,308
4.2,43,2007,02,17,AZ,7,308
4.1,43,2007,02,18,AZ,7,308
3.9,34,2007,02,19,AZ,7,308
4.8,32,2007,02,20,AZ,7,308
4.9,42,2007,02,21,AZ,7,308
4.9,44,2007,02,22,AZ,7,308
4.8,30,2007,02,23,AZ,7,308
5.0,29,2007,02,24,AZ,7,308
5.2,36,2007,02,25,AZ,7,308
5.1,38,2007,02,26,AZ,7,308
5.1,38,2007,02,27,AZ,7,308
4.9,28,2007,02,28,AZ,7,308
5.1,28,2007,03,01,AZ,7,308
4.9,31,2007,03,02,AZ,7,308
4.9,28,2007,03,03,AZ,7,308
4.5,38,2007,03,04,AZ,7,308
4.6,45,2007,03,05,AZ,7,308
4.4,50,2007,03,06,AZ,7,308
3.9,49,2007,03,07,AZ,7,308
3.6,49,2007,03,08,AZ,7,308
3.2,49,2007,03,09,AZ,7,308
2.6,49,2007,03,10,AZ,7,308
2.2,47,2007,03,11,AZ,7,308
1.6,52,2007,03,12,AZ,7,308
1.0,54,2007,03,13,AZ,7,308
0.3,54,2007,03,14,AZ,7,308
1.4,28,2008,01,01,AZ,7,308
1.4,38,2008,01,02,AZ,7,308
1.4,40,2008,01,03,AZ,7,308
1.5,39,2008,01,04,AZ,7,308
1.5,38,2008,01,05,AZ,7,308
2.2,36,2008,01,06,AZ,7,308
2.2,32,2008,01,07,AZ,7,308
4.0,30,2008,01,08,AZ,7,308
4.0,33,2008,01,09,AZ,7,308
3.9,34,2008,01,10,AZ,7,308
3.8,38,2008,01,11,AZ,7,308
3.7,35,2008,01,12,AZ,7,308
3.7,33,2008,01,13,AZ,7,308
3.6,29,2008,01,14,AZ,7,308
3.6,35,2008,01,15,AZ,7,308
3.6,22,2008,01,16,AZ,7,308
3.6,21,2008,01,17,AZ,7,308
3.6,26,2008,01,18,AZ,7,308
3.6,34,2008,01,19,AZ,7,308
3.6,35,2008,01,20,AZ,7,308
3.6,31,2008,01,21,AZ,7,308
3.6,35,2008,01,22,AZ,7,308
3.6,35,2008,01,23,AZ,7,308
3.6,32,2008,01,24,AZ,7,308
4.7,31,2008,01,25,AZ,7,308
4.8,37,2008,01,26,AZ,7,308
4.8,38,2008,01,27,AZ,7,308
5.6,32,2008,01,28,AZ,7,308
6.4,25,2008,01,29,AZ,7,308
6.4,23,2008,01,30,AZ,7,308
6.4,24,2008,01,31,AZ,7,308
6.4,32,2008,02,01,AZ,7,308
6.4,33,2008,02,02,AZ,7,308
6.4,31,2008,02,03,AZ,7,308
8.2,26,2008,02,04,AZ,7,308
9.2,23,2008,02,05,AZ,7,308
9.2,28,2008,02,06,AZ,7,308
9.2,37,2008,02,07,AZ,7,308
9.2,40,2008,02,08,AZ,7,308
9.1,46,2008,02,09,AZ,7,308
9.0,47,2008,02,10,AZ,7,308
8.9,45,2008,02,11,AZ,7,308
8.8,43,2008,02,12,AZ,7,308
8.8,44,2008,02,13,AZ,7,308
8.7,35,2008,02,14,AZ,7,308
8.7,31,2008,02,15,AZ,7,308
9.0,35,2008,02,16,AZ,7,308
9.0,38,2008,02,17,AZ,7,308
9.0,44,2008,02,18,AZ,7,308
9.0,42,2008,02,19,AZ,7,308
9.0,37,2008,02,20,AZ,7,308
9.0,33,2008,02,21,AZ,7,308
9.2,32,2008,02,22,AZ,7,308
10.3,35,2008,02,23,AZ,7,308
10.5,41,2008,02,24,AZ,7,308
10.4,41,2008,02,25,AZ,7,308
10.3,40,2008,02,26,AZ,7,308
10.2,49,2008,02,27,AZ,7,308
10.0,50,2008,02,28,AZ,7,308
9.7,48,2008,02,29,AZ,7,308
9.5,47,2008,03,01,AZ,7,308
9.2,35,2008,03,02,AZ,7,308
8.9,33,2008,03,03,AZ,7,308
8.9,40,2008,03,04,AZ,7,308
8.7,36,2008,03,05,AZ,7,308
8.6,32,2008,03,06,AZ,7,308
8.4,39,2008,03,07,AZ,7,308
8.2,40,2008,03,08,AZ,7,308
8.0,39,2008,03,09,AZ,7,308
7.7,44,2008,03,10,AZ,7,308
7.3,48,2008,03,11,AZ,7,308
6.9,48,2008,03,12,AZ,7,308
6.4,47,2008,03,13,AZ,7,308
6.0,45,2008,03,14,AZ,7,308
5.5,39,2008,03,15,AZ,7,308
5.3,28,2008,03,16,AZ,7,308
5.2,31,2008,03,17,AZ,7,308
5.3,39,2008,03,18,AZ,7,308
5.0,45,2008,03,19,AZ,7,308
4.5,46,2008,03,20,AZ,7,308
4.0,47,2008,03,21,AZ,7,308
3.5,46,2008,03,22,AZ,7,308
3.0,44,2008,03,23,AZ,7,308
2.5,49,2008,03,24,AZ,7,308
1.9,50,2008,03,25,AZ,7,308
1.2,49,2008,03,26,AZ,7,308
0.6,49,2008,03,27,AZ,7,308
6.9,42,2009,01,01,AZ,7,308
6.8,42,2009,01,02,AZ,7,308
6.7,36,2009,01,03,AZ,7,308
6.7,31,2009,01,04,AZ,7,308
7.3,29,2009,01,05,AZ,7,308
7.3,29,2009,01,06,AZ,7,308
7.3,40,2009,01,07,AZ,7,308
7.3,46,2009,01,08,AZ,7,308
7.3,37,2009,01,09,AZ,7,308
7.2,32,2009,01,10,AZ,7,308
7.2,38,2009,01,11,AZ,7,308
7.1,40,2009,01,12,AZ,7,308
7.1,42,2009,01,13,AZ,7,308
7.1,41,2009,01,14,AZ,7,308
7.1,45,2009,01,15,AZ,7,308
7.1,43,2009,01,16,AZ,7,308
7.0,43,2009,01,17,AZ,7,308
7.0,41,2009,01,18,AZ,7,308
7.0,41,2009,01,19,AZ,7,308
7.0,44,2009,01,20,AZ,7,308
6.8,48,2009,01,21,AZ,7,308
6.6,44,2009,01,22,AZ,7,308
6.2,43,2009,01,23,AZ,7,308
5.8,42,2009,01,24,AZ,7,308
5.2,38,2009,01,25,AZ,7,308
4.9,31,2009,01,26,AZ,7,308
4.8,28,2009,01,27,AZ,7,308
4.8,36,2009,01,28,AZ,7,308
4.7,34,2009,01,29,AZ,7,308
4.7,38,2009,01,30,AZ,7,308
4.7,42,2009,01,31,AZ,7,308
4.7,39,2009,02,01,AZ,7,308
4.7,40,2009,02,02,AZ,7,308
4.7,44,2009,02,03,AZ,7,308
4.7,46,2009,02,04,AZ,7,308
4.5,46,2009,02,05,AZ,7,308
4.2,40,2009,02,06,AZ,7,308
4.0,39,2009,02,07,AZ,7,308
3.9,31,2009,02,08,AZ,7,308
5.5,30,2009,02,09,AZ,7,308
7.8,25,2009,02,10,AZ,7,308
8.1,29,2009,02,11,AZ,7,308
8.1,30,2009,02,12,AZ,7,308
8.0,29,2009,02,13,AZ,7,308
8.0,30,2009,02,14,AZ,7,308
7.9,35,2009,02,15,AZ,7,308
7.9,38,2009,02,16,AZ,7,308
7.9,32,2009,02,17,AZ,7,308
8.5,31,2009,02,18,AZ,7,308
8.5,36,2009,02,19,AZ,7,308
8.4,44,2009,02,20,AZ,7,308
8.4,47,2009,02,21,AZ,7,308
8.4,48,2009,02,22,AZ,7,308
8.2,51,2009,02,23,AZ,7,308
7.7,48,2009,02,24,AZ,7,308
7.4,48,2009,02,25,AZ,7,308
7.2,44,2009,02,26,AZ,7,308
7.0,44,2009,02,27,AZ,7,308
6.8,45,2009,02,28,AZ,7,308
6.5,51,2009,03,01,AZ,7,308
6.1,54,2009,03,02,AZ,7,308
5.7,50,2009,03,03,AZ,7,308
5.3,47,2009,03,04,AZ,7,308
4.9,43,2009,03,05,AZ,7,308
4.7,40,2009,03,06,AZ,7,308
4.5,34,2009,03,07,AZ,7,308
4.5,39,2009,03,08,AZ,7,308
4.3,37,2009,03,09,AZ,7,308
4.3,40,2009,03,10,AZ,7,308
4.2,42,2009,03,11,AZ,7,308
3.9,40,2009,03,12,AZ,7,308
3.7,39,2009,03,13,AZ,7,308
3.6,39,2009,03,14,AZ,7,308
3.5,40,2009,03,15,AZ,7,308
3.2,46,2009,03,16,AZ,7,308
2.6,51,2009,03,17,AZ,7,308
1.9,52,2009,03,18,AZ,7,308
1.1,53,2009,03,19,AZ,7,308
0.3,53,2009,03,20,AZ,7,308
0.4,41,2009,04,12,AZ,7,308
4.5,42,2010,01,01,AZ,7,308
4.5,44,2010,01,02,AZ,7,308
4.5,38,2010,01,03,AZ,7,308
4.4,38,2010,01,04,AZ,7,308
4.4,42,2010,01,05,AZ,7,308
4.4,43,2010,01,06,AZ,7,308
4.4,42,2010,01,07,AZ,7,308
4.3,36,2010,01,08,AZ,7,308
4.3,44,2010,01,09,AZ,7,308
4.3,42,2010,01,10,AZ,7,308
4.3,38,2010,01,11,AZ,7,308
4.3,43,2010,01,12,AZ,7,308
4.3,41,2010,01,13,AZ,7,308
4.2,35,2010,01,14,AZ,7,308
4.2,38,2010,01,15,AZ,7,308
4.2,41,2010,01,16,AZ,7,308
4.2,38,2010,01,17,AZ,7,308
4.2,34,2010,01,18,AZ,7,308
4.9,34,2010,01,19,AZ,7,308
7.0,32,2010,01,20,AZ,7,308
7.3,35,2010,01,21,AZ,7,308
10.3,30,2010,01,22,AZ,7,308
12.2,28,2010,01,23,AZ,7,308
12.4,26,2010,01,24,AZ,7,308
12.4,35,2010,01,25,AZ,7,308
12.4,38,2010,01,26,AZ,7,308
12.4,36,2010,01,27,AZ,7,308
12.8,33,2010,01,28,AZ,7,308
12.8,35,2010,01,29,AZ,7,308
12.8,35,2010,01,30,AZ,7,308
12.7,36,2010,01,31,AZ,7,308
12.7,36,2010,02,01,AZ,7,308
12.7,38,2010,02,02,AZ,7,308
12.7,37,2010,02,03,AZ,7,308
12.6,38,2010,02,04,AZ,7,308
12.5,37,2010,02,05,AZ,7,308
12.5,36,2010,02,06,AZ,7,308
13.0,32,2010,02,07,AZ,7,308
13.8,30,2010,02,08,AZ,7,308
13.8,32,2010,02,09,AZ,7,308
13.8,33,2010,02,10,AZ,7,308
13.8,33,2010,02,11,AZ,7,308
13.8,37,2010,02,12,AZ,7,308
13.8,41,2010,02,13,AZ,7,308
13.8,39,2010,02,14,AZ,7,308
13.7,41,2010,02,15,AZ,7,308
13.7,41,2010,02,16,AZ,7,308
13.6,41,2010,02,17,AZ,7,308
13.6,41,2010,02,18,AZ,7,308
13.5,39,2010,02,19,AZ,7,308
13.4,33,2010,02,20,AZ,7,308
13.9,33,2010,02,21,AZ,7,308
14.5,28,2010,02,22,AZ,7,308
15.7,27,2010,02,23,AZ,7,308
15.7,35,2010,02,24,AZ,7,308
15.6,36,2010,02,25,AZ,7,308
15.6,37,2010,02,26,AZ,7,308
15.6,39,2010,02,27,AZ,7,308
15.6,35,2010,02,28,AZ,7,308
16.2,38,2010,03,01,AZ,7,308
16.1,40,2010,03,02,AZ,7,308
16.1,41,2010,03,03,AZ,7,308
16.0,38,2010,03,04,AZ,7,308
15.9,38,2010,03,05,AZ,7,308
15.8,42,2010,03,06,AZ,7,308
15.9,34,2010,03,07,AZ,7,308
16.7,33,2010,03,08,AZ,7,308
16.9,29,2010,03,09,AZ,7,308
17.8,28,2010,03,10,AZ,7,308
18.2,31,2010,03,11,AZ,7,308
18.2,40,2010,03,12,AZ,7,308
18.1,40,2010,03,13,AZ,7,308
17.9,35,2010,03,14,AZ,7,308
17.6,38,2010,03,15,AZ,7,308
17.5,45,2010,03,16,AZ,7,308
17.1,51,2010,03,17,AZ,7,308
16.6,47,2010,03,18,AZ,7,308
16.2,43,2010,03,19,AZ,7,308
15.9,36,2010,03,20,AZ,7,308
15.6,46,2010,03,21,AZ,7,308
15.1,46,2010,03,22,AZ,7,308
14.7,40,2010,03,23,AZ,7,308
14.5,39,2010,03,24,AZ,7,308
14.2,43,2010,03,25,AZ,7,308
13.7,40,2010,03,26,AZ,7,308
13.6,37,2010,03,27,AZ,7,308
13.3,44,2010,03,28,AZ,7,308
12.6,49,2010,03,29,AZ,7,308
12.1,50,2010,03,30,AZ,7,308
11.3,46,2010,03,31,AZ,7,308
10.8,34,2010,04,01,AZ,7,308
10.5,36,2010,04,02,AZ,7,308
10.2,42,2010,04,03,AZ,7,308
9.7,46,2010,04,04,AZ,7,308
9.0,44,2010,04,05,AZ,7,308
8.3,39,2010,04,06,AZ,7,308
8.0,38,2010,04,07,AZ,7,308
7.6,47,2010,04,08,AZ,7,308
6.7,49,2010,04,09,AZ,7,308
5.8,49,2010,04,10,AZ,7,308
5.0,51,2010,04,11,AZ,7,308
4.1,47,2010,04,12,AZ,7,308
3.1,42,2010,04,13,AZ,7,308
2.3,47,2010,04,14,AZ,7,308
1.3,52,2010,04,15,AZ,7,308
0.1,54,2010,04,16,AZ,7,308
2.8,18,2011,01,01,AZ,7,308
2.8,30,2011,01,02,AZ,7,308
2.8,30,2011,01,03,AZ,7,308
2.8,31,2011,01,04,AZ,7,308
2.8,38,2011,01,05,AZ,7,308
2.8,41,2011,01,06,AZ,7,308
2.8,41,2011,01,07,AZ,7,308
2.8,35,2011,01,08,AZ,7,308
2.8,33,2011,01,09,AZ,7,308
2.8,30,2011,01,10,AZ,7,308
2.8,36,2011,01,11,AZ,7,308
2.8,39,2011,01,12,AZ,7,308
2.8,43,2011,01,13,AZ,7,308
2.8,38,2011,01,14,AZ,7,308
2.7,40,2011,01,15,AZ,7,308
2.7,45,2011,01,16,AZ,7,308
2.7,48,2011,01,17,AZ,7,308
2.5,46,2011,01,18,AZ,7,308
2.5,42,2011,01,19,AZ,7,308
2.4,33,2011,01,20,AZ,7,308
2.3,42,2011,01,21,AZ,7,308
2.3,42,2011,01,22,AZ,7,308
2.3,33,2011,01,23,AZ,7,308
2.2,36,2011,01,24,AZ,7,308
2.2,37,2011,01,25,AZ,7,308
2.2,34,2011,01,26,AZ,7,308
2.2,39,2011,01,27,AZ,7,308
2.2,42,2011,01,28,AZ,7,308
2.2,40,2011,01,29,AZ,7,308
2.1,38,2011,01,30,AZ,7,308
2.1,31,2011,01,31,AZ,7,308
2.1,24,2011,02,01,AZ,7,308
2.2,7,2011,02,02,AZ,7,308
2.2,16,2011,02,03,AZ,7,308
2.2,34,2011,02,04,AZ,7,308
2.2,39,2011,02,05,AZ,7,308
2.2,37,2011,02,06,AZ,7,308
2.2,40,2011,02,07,AZ,7,308
2.2,35,2011,02,08,AZ,7,308
2.2,28,2011,02,09,AZ,7,308
2.2,29,2011,02,10,AZ,7,308
2.1,38,2011,02,11,AZ,7,308
2.1,45,2011,02,12,AZ,7,308
2.0,48,2011,02,13,AZ,7,308
1.7,46,2011,02,14,AZ,7,308
1.4,47,2011,02,15,AZ,7,308
0.9,42,2011,02,16,AZ,7,308
0.5,40,2011,02,17,AZ,7,308
0.2,39,2011,02,18,AZ,7,308
0.1,35,2011,02,19,AZ,7,308
1.7,27,2011,02,20,AZ,7,308
2.1,29,2011,02,21,AZ,7,308
2.1,32,2011,02,22,AZ,7,308
2.1,33,2011,02,23,AZ,7,308
2.1,32,2011,02,24,AZ,7,308
2.1,36,2011,02,25,AZ,7,308
2.1,36,2011,02,26,AZ,7,308
2.3,25,2011,02,27,AZ,7,308
3.0,37,2011,02,28,AZ,7,308
3.0,42,2011,03,01,AZ,7,308
2.9,45,2011,03,02,AZ,7,308
2.7,45,2011,03,03,AZ,7,308
2.5,40,2011,03,04,AZ,7,308
2.3,43,2011,03,05,AZ,7,308
2.1,44,2011,03,06,AZ,7,308
1.9,38,2011,03,07,AZ,7,308
2.0,37,2011,03,08,AZ,7,308
1.8,45,2011,03,09,AZ,7,308
1.6,50,2011,03,10,AZ,7,308
1.2,50,2011,03,11,AZ,7,308
0.7,48,2011,03,12,AZ,7,308
0.1,49,2011,03,13,AZ,7,308
0.1,50,2011,03,14,AZ,7,308
1.2,32,2011,03,22,AZ,7,308
1.0,39,2011,03,23,AZ,7,308
0.9,40,2011,03,24,AZ,7,308
0.5,39,2011,03,25,AZ,7,308
0.1,40,2011,03,26,AZ,7,308
0.9,31,2011,04,10,AZ,7,308
0.7,44,2011,04,11,AZ,7,308
0.2,48,2011,04,12,AZ,7,308
4.3,49,2012,01,01,AZ,7,308
4.2,48,2012,01,02,AZ,7,308
4.1,48,2012,01,03,AZ,7,308
3.9,44,2012,01,04,AZ,7,308
3.9,46,2012,01,05,AZ,7,308
3.7,45,2012,01,06,AZ,7,308
3.7,40,2012,01,07,AZ,7,308
3.5,31,2012,01,08,AZ,7,308
3.5,35,2012,01,09,AZ,7,308
3.5,43,2012,01,10,AZ,7,308
3.5,39,2012,01,11,AZ,7,308
3.5,32,2012,01,12,AZ,7,308
3.4,37,2012,01,13,AZ,7,308
3.4,43,2012,01,14,AZ,7,308
3.4,38,2012,01,15,AZ,7,308
3.5,33,2012,01,16,AZ,7,308
3.7,34,2012,01,17,AZ,7,308
3.7,40,2012,01,18,AZ,7,308
3.6,45,2012,01,19,AZ,7,308
3.6,42,2012,01,20,AZ,7,308
3.5,37,2012,01,21,AZ,7,308
3.5,34,2012,01,22,AZ,7,308
3.5,35,2012,01,23,AZ,7,308
3.7,32,2012,01,24,AZ,7,308
3.7,36,2012,01,25,AZ,7,308
3.7,44,2012,01,26,AZ,7,308
3.7,40,2012,01,27,AZ,7,308
3.6,35,2012,01,28,AZ,7,308
3.5,43,2012,01,29,AZ,7,308
3.5,42,2012,01,30,AZ,7,308
3.4,41,2012,01,31,AZ,7,308
3.3,40,2012,02,01,AZ,7,308
3.2,34,2012,02,02,AZ,7,308
3.2,32,2012,02,03,AZ,7,308
3.2,34,2012,02,04,AZ,7,308
3.2,35,2012,02,05,AZ,7,308
3.2,36,2012,02,06,AZ,7,308
3.1,38,2012,02,07,AZ,7,308
3.1,43,2012,02,08,AZ,7,308
2.8,44,2012,02,09,AZ,7,308
2.4,44,2012,02,10,AZ,7,308
2.2,44,2012,02,11,AZ,7,308
2.0,37,2012,02,12,AZ,7,308
1.9,34,2012,02,13,AZ,7,308
1.9,30,2012,02,14,AZ,7,308
2.2,29,2012,02,15,AZ,7,308
2.3,34,2012,02,16,AZ,7,308
2.4,36,2012,02,17,AZ,7,308
2.4,38,2012,02,18,AZ,7,308
2.4,33,2012,02,19,AZ,7,308
2.4,35,2012,02,20,AZ,7,308
2.6,41,2012,02,21,AZ,7,308
2.3,44,2012,02,22,AZ,7,308
2.1,44,2012,02,23,AZ,7,308
1.8,41,2012,02,24,AZ,7,308
1.6,44,2012,02,25,AZ,7,308
1.3,44,2012,02,26,AZ,7,308
0.9,41,2012,02,27,AZ,7,308
0.8,28,2012,02,28,AZ,7,308
0.8,35,2012,02,29,AZ,7,308
0.9,36,2012,03,01,AZ,7,308
0.6,31,2012,03,02,AZ,7,308
0.4,36,2012,03,03,AZ,7,308
0.3,46,2012,03,04,AZ,7,308
0.1,49,2012,03,05,AZ,7,308
1.4,25,2012,03,19,AZ,7,308
1.6,29,2012,03,20,AZ,7,308
1.6,40,2012,03,21,AZ,7,308
1.4,49,2012,03,22,AZ,7,308
1.1,48,2012,03,23,AZ,7,308
0.6,50,2012,03,24,AZ,7,308
0.5,37,2012,04,15,AZ,7,308
4.3,24,2013,01,01,AZ,7,308
4.2,26,2013,01,02,AZ,7,308
4.2,21,2013,01,03,AZ,7,308
4.1,30,2013,01,04,AZ,7,308
4.1,38,2013,01,05,AZ,7,308
4.2,36,2013,01,06,AZ,7,308
4.1,32,2013,01,07,AZ,7,308
4.1,36,2013,01,08,AZ,7,308
4.0,41,2013,01,09,AZ,7,308
4.0,36,2013,01,10,AZ,7,308
4.0,21,2013,01,11,AZ,7,308
3.9,17,2013,01,12,AZ,7,308
3.8,17,2013,01,13,AZ,7,308
3.8,13,2013,01,14,AZ,7,308
3.8,17,2013,01,15,AZ,7,308
3.8,32,2013,01,16,AZ,7,308
4.0,36,2013,01,17,AZ,7,308
4.0,41,2013,01,18,AZ,7,308
4.0,42,2013,01,19,AZ,7,308
3.9,44,2013,01,20,AZ,7,308
3.9,41,2013,01,21,AZ,7,308
3.8,49,2013,01,22,AZ,7,308
3.8,48,2013,01,23,AZ,7,308
3.8,43,2013,01,24,AZ,7,308
3.7,45,2013,01,25,AZ,7,308
3.1,42,2013,01,26,AZ,7,308
2.4,39,2013,01,27,AZ,7,308
2.5,29,2013,01,28,AZ,7,308
2.9,23,2013,01,29,AZ,7,308
2.9,29,2013,01,30,AZ,7,308
3.0,39,2013,01,31,AZ,7,308
3.0,44,2013,02,01,AZ,7,308
2.9,46,2013,02,02,AZ,7,308
2.7,41,2013,02,03,AZ,7,308
2.6,41,2013,02,04,AZ,7,308
2.6,45,2013,02,05,AZ,7,308
2.5,40,2013,02,06,AZ,7,308
2.3,39,2013,02,07,AZ,7,308
2.2,36,2013,02,08,AZ,7,308
2.2,25,2013,02,09,AZ,7,308
2.5,26,2013,02,10,AZ,7,308
3.0,24,2013,02,11,AZ,7,308
3.2,25,2013,02,12,AZ,7,308
3.2,33,2013,02,13,AZ,7,308
3.2,37,2013,02,14,AZ,7,308
3.2,37,2013,02,15,AZ,7,308
3.2,45,2013,02,16,AZ,7,308
3.1,41,2013,02,17,AZ,7,308
3.0,39,2013,02,18,AZ,7,308
3.0,38,2013,02,19,AZ,7,308
3.0,27,2013,02,20,AZ,7,308
3.6,26,2013,02,21,AZ,7,308
3.7,26,2013,02,22,AZ,7,308
3.6,31,2013,02,23,AZ,7,308
3.6,24,2013,02,24,AZ,7,308
3.6,32,2013,02,25,AZ,7,308
3.6,33,2013,02,26,AZ,7,308
3.6,30,2013,02,27,AZ,7,308
3.6,35,2013,02,28,AZ,7,308
3.6,42,2013,03,01,AZ,7,308
3.6,49,2013,03,02,AZ,7,308
3.3,46,2013,03,03,AZ,7,308
3.0,43,2013,03,04,AZ,7,308
2.8,45,2013,03,05,AZ,7,308
2.6,46,2013,03,06,AZ,7,308
2.3,45,2013,03,07,AZ,7,308
1.9,32,2013,03,08,AZ,7,308
4.0,29,2013,03,09,AZ,7,308
4.5,34,2013,03,10,AZ,7,308
4.6,43,2013,03,11,AZ,7,308
4.5,48,2013,03,12,AZ,7,308
4.2,52,2013,03,13,AZ,7,308
3.8,56,2013,03,14,AZ,7,308
3.3,55,2013,03,15,AZ,7,308
2.6,51,2013,03,16,AZ,7,308
2.0,49,2013,03,17,AZ,7,308
1.5,48,2013,03,18,AZ,7,308
0.9,48,2013,03,19,AZ,7,308
0.3,48,2013,03,20,AZ,7,308
2.2,42,2014,01,01,AZ,7,308
2.2,44,2014,01,02,AZ,7,308
2.2,43,2014,01,03,AZ,7,308
2.1,38,2014,01,04,AZ,7,308
2.0,32,2014,01,05,AZ,7,308
2.0,36,2014,01,06,AZ,7,308
2.0,42,2014,01,07,AZ,7,308
2.0,40,2014,01,08,AZ,7,308
2.0,39,2014,01,09,AZ,7,308
2.0,39,2014,01,10,AZ,7,308
2.0,45,2014,01,11,AZ,7,308
2.0,41,2014,01,12,AZ,7,308
2.0,38,2014,01,13,AZ,7,308
2.0,41,2014,01,14,AZ,7,308
2.0,45,2014,01,15,AZ,7,308
1.9,42,2014,01,16,AZ,7,308
1.9,42,2014,01,17,AZ,7,308
1.8,46,2014,01,18,AZ,7,308
1.8,46,2014,01,19,AZ,7,308
1.7,46,2014,01,20,AZ,7,308
1.5,46,2014,01,21,AZ,7,308
1.4,45,2014,01,22,AZ,7,308
1.2,39,2014,01,23,AZ,7,308
1.1,38,2014,01,24,AZ,7,308
1.1,45,2014,01,25,AZ,7,308
0.8,43,2014,01,26,AZ,7,308
0.6,42,2014,01,27,AZ,7,308
0.4,42,2014,01,28,AZ,7,308
0.4,45,2014,01,29,AZ,7,308
0.1,45,2014,01,30,AZ,7,308
0.4,31,2014,02,01,AZ,7,308
0.4,31,2014,02,02,AZ,7,308
0.4,30,2014,02,03,AZ,7,308
0.4,30,2014,02,04,AZ,7,308
0.4,32,2014,02,05,AZ,7,308
0.4,31,2014,02,06,AZ,7,308
0.5,33,2014,02,07,AZ,7,308
0.8,40,2014,02,08,AZ,7,308
0.8,43,2014,02,09,AZ,7,308
0.7,43,2014,02,10,AZ,7,308
0.5,42,2014,02,11,AZ,7,308
0.2,45,2014,02,12,AZ,7,308
0.1,39,2014,03,01,AZ,7,308
0.7,36,2014,03,02,AZ,7,308
0.5,42,2014,03,03,AZ,7,308
0.3,43,2014,03,04,AZ,7,308
0.3,40,2014,04,27,AZ,7,308
1.6,21,2015,01,01,AZ,7,308
1.6,20,2015,01,02,AZ,7,308
1.6,29,2015,01,03,AZ,7,308
1.7,43,2015,01,04,AZ,7,308
1.8,48,2015,01,05,AZ,7,308
1.8,49,2015,01,06,AZ,7,308
1.8,47,2015,01,07,AZ,7,308
1.7,45,2015,01,08,AZ,7,308
1.6,43,2015,01,09,AZ,7,308
1.5,40,2015,01,10,AZ,7,308
1.4,39,2015,01,11,AZ,7,308
1.7,38,2015,01,12,AZ,7,308
1.5,35,2015,01,13,AZ,7,308
1.6,33,2015,01,14,AZ,7,308
1.6,36,2015,01,15,AZ,7,308
1.7,43,2015,01,16,AZ,7,308
1.7,45,2015,01,17,AZ,7,308
1.7,48,2015,01,18,AZ,7,308
1.5,48,2015,01,19,AZ,7,308
1.3,45,2015,01,20,AZ,7,308
1.1,35,2015,01,21,AZ,7,308
1.1,27,2015,01,22,AZ,7,308
1.0,35,2015,01,23,AZ,7,308
1.1,38,2015,01,24,AZ,7,308
1.1,43,2015,01,25,AZ,7,308
1.0,47,2015,01,26,AZ,7,308
0.7,43,2015,01,27,AZ,7,308
0.3,44,2015,01,28,AZ,7,308
0.1,45,2015,01,29,AZ,7,308
0.2,40,2015,01,30,AZ,7,308
0.1,38,2015,01,31,AZ,7,308
0.1,40,2015,02,01,AZ,7,308
0.4,33,2015,02,24,AZ,7,308
0.3,39,2015,02,25,AZ,7,308
0.2,40,2015,02,26,AZ,7,308
0.1,39,2015,02,27,AZ,7,308
0.1,36,2015,02,28,AZ,7,308
1.9,40,2015,03,01,AZ,7,308
1.5,36,2015,03,02,AZ,7,308
1.9,33,2015,03,03,AZ,7,308
1.9,32,2015,03,04,AZ,7,308
2.0,38,2015,03,05,AZ,7,308
2.1,42,2015,03,06,AZ,7,308
1.8,45,2015,03,07,AZ,7,308
1.5,47,2015,03,08,AZ,7,308
1.1,47,2015,03,09,AZ,7,308
0.7,48,2015,03,10,AZ,7,308
0.3,50,2015,03,11,AZ,7,308
2.5,31,2016,01,01,AZ,7,308
2.5,39,2016,01,02,AZ,7,308
2.4,42,2016,01,03,AZ,7,308
2.4,35,2016,01,04,AZ,7,308
2.9,34,2016,01,05,AZ,7,308
3.6,32,2016,01,06,AZ,7,308
5.0,30,2016,01,07,AZ,7,308
6.9,28,2016,01,08,AZ,7,308
6.9,27,2016,01,09,AZ,7,308
6.9,28,2016,01,10,AZ,7,308
6.9,26,2016,01,11,AZ,7,308
6.9,33,2016,01,12,AZ,7,308
6.9,40,2016,01,13,AZ,7,308
6.7,36,2016,01,14,AZ,7,308
6.6,30,2016,01,15,AZ,7,308
6.6,34,2016,01,16,AZ,7,308
6.6,40,2016,01,17,AZ,7,308
6.6,41,2016,01,18,AZ,7,308
6.6,39,2016,01,19,AZ,7,308
6.6,38,2016,01,20,AZ,7,308
6.4,36,2016,01,21,AZ,7,308
6.4,46,2016,01,22,AZ,7,308
6.3,44,2016,01,23,AZ,7,308
6.2,36,2016,01,24,AZ,7,308
6.1,33,2016,01,25,AZ,7,308
6.1,30,2016,01,26,AZ,7,308
6.0,40,2016,01,27,AZ,7,308
6.0,47,2016,01,28,AZ,7,308
5.8,46,2016,01,29,AZ,7,308
5.7,42,2016,01,30,AZ,7,308
5.6,40,2016,01,31,AZ,7,308
5.9,24,2016,02,01,AZ,7,308
6.6,18,2016,02,02,AZ,7,308
6.6,21,2016,02,03,AZ,7,308
6.6,30,2016,02,04,AZ,7,308
6.6,30,2016,02,05,AZ,7,308
6.7,41,2016,02,06,AZ,7,308
6.4,42,2016,02,07,AZ,7,308
6.1,43,2016,02,08,AZ,7,308
5.9,45,2016,02,09,AZ,7,308
5.7,50,2016,02,10,AZ,7,308
5.6,53,2016,02,11,AZ,7,308
5.4,54,2016,02,12,AZ,7,308
5.2,51,2016,02,13,AZ,7,308
4.8,49,2016,02,14,AZ,7,308
4.6,46,2016,02,15,AZ,7,308
4.3,52,2016,02,16,AZ,7,308
3.9,52,2016,02,17,AZ,7,308
3.4,48,2016,02,18,AZ,7,308
3.0,48,2016,02,19,AZ,7,308
2.7,50,2016,02,20,AZ,7,308
2.2,51,2016,02,21,AZ,7,308
1.8,45,2016,02,22,AZ,7,308
1.5,35,2016,02,23,AZ,7,308
1.5,41,2016,02,24,AZ,7,308
1.2,48,2016,02,25,AZ,7,308
0.7,51,2016,02,26,AZ,7,308
0.3,50,2016,02,27,AZ,7,308
0.1,50,2016,02,28,AZ,7,308
1.3,35,2017,01,01,AZ,7,308
2.1,31,2017,01,02,AZ,7,308
2.2,33,2017,01,03,AZ,7,308
2.2,36,2017,01,04,AZ,7,308
2.1,37,2017,01,05,AZ,7,308
2.1,32,2017,01,06,AZ,7,308
2.0,37,2017,01,07,AZ,7,308
2.0,45,2017,01,08,AZ,7,308
1.9,43,2017,01,09,AZ,7,308
1.7,40,2017,01,10,AZ,7,308
1.6,39,2017,01,11,AZ,7,308
1.5,38,2017,01,12,AZ,7,308
1.5,40,2017,01,13,AZ,7,308
1.5,36,2017,01,14,AZ,7,308
2.0,35,2017,01,15,AZ,7,308
2.2,36,2017,01,16,AZ,7,308
2.3,35,2017,01,17,AZ,7,308
2.2,36,2017,01,18,AZ,7,308
2.1,33,2017,01,19,AZ,7,308
2.9,31,2017,01,20,AZ,7,308
4.7,29,2017,01,21,AZ,7,308
5.6,30,2017,01,22,AZ,7,308
5.6,32,2017,01,23,AZ,7,308
6.4,26,2017,01,24,AZ,7,308
6.5,23,2017,01,25,AZ,7,308
6.4,23,2017,01,26,AZ,7,308
6.4,20,2017,01,27,AZ,7,308
6.3,30,2017,01,28,AZ,7,308
6.3,36,2017,01,29,AZ,7,308
6.2,44,2017,01,30,AZ,7,308
6.2,45,2017,01,31,AZ,7,308
6.2,44,2017,02,01,AZ,7,308
6.0,43,2017,02,02,AZ,7,308
6.0,43,2017,02,03,AZ,7,308
6.0,43,2017,02,04,AZ,7,308
5.8,44,2017,02,05,AZ,7,308
5.6,40,2017,02,06,AZ,7,308
5.5,39,2017,02,07,AZ,7,308
5.4,47,2017,02,08,AZ,7,308
5.1,53,2017,02,09,AZ,7,308
4.6,52,2017,02,10,AZ,7,308
4.0,47,2017,02,11,AZ,7,308
3.5,43,2017,02,12,AZ,7,308
3.1,40,2017,02,13,AZ,7,308
2.8,39,2017,02,14,AZ,7,308
2.6,42,2017,02,15,AZ,7,308
2.4,43,2017,02,16,AZ,7,308
2.1,41,2017,02,17,AZ,7,308
1.8,38,2017,02,18,AZ,7,308
2.3,35,2017,02,19,AZ,7,308
2.9,38,2017,02,20,AZ,7,308
2.8,46,2017,02,21,AZ,7,308
2.6,44,2017,02,22,AZ,7,308
2.3,33,2017,02,23,AZ,7,308
2.4,30,2017,02,24,AZ,7,308
2.5,33,2017,02,25,AZ,7,308
2.3,35,2017,02,26,AZ,7,308
2.2,34,2017,02,27,AZ,7,308
4.2,35,2017,02,28,AZ,7,308
6.0,31,2017,03,01,AZ,7,308
5.9,35,2017,03,02,AZ,7,308
5.8,44,2017,03,03,AZ,7,308
5.6,45,2017,03,04,AZ,7,308
5.3,42,2017,03,05,AZ,7,308
5.2,37,2017,03,06,AZ,7,308
5.1,45,2017,03,07,AZ,7,308
4.8,52,2017,03,08,AZ,7,308
4.5,54,2017,03,09,AZ,7,308
4.0,54,2017,03,10,AZ,7,308
3.5,53,2017,03,11,AZ,7,308
2.9,54,2017,03,12,AZ,7,308
2.3,55,2017,03,13,AZ,7,308
1.7,57,2017,03,14,AZ,7,308
0.8,55,2017,03,15,AZ,7,308
0.5,35,2018,01,10,AZ,7,308
0.4,38,2018,01,11,AZ,7,308
0.4,43,2018,01,12,AZ,7,308
0.2,45,2018,01,13,AZ,7,308
0.1,46,2018,01,14,AZ,7,308
1.0,25,2018,01,21,AZ,7,308
1.2,29,2018,01,22,AZ,7,308
1.2,33,2018,01,23,AZ,7,308
1.2,42,2018,01,24,AZ,7,308
1.2,41,2018,01,25,AZ,7,308
1.2,36,2018,01,26,AZ,7,308
1.2,39,2018,01,27,AZ,7,308
1.2,40,2018,01,28,AZ,7,308
1.2,45,2018,01,29,AZ,7,308
1.1,48,2018,01,30,AZ,7,308
1.5,48,2018,01,31,AZ,7,308
0.7,50,2018,02,01,AZ,7,308
0.5,49,2018,02,02,AZ,7,308
0.2,47,2018,02,03,AZ,7,308
0.9,38,2018,02,13,AZ,7,308
1.1,38,2018,02,14,AZ,7,308
1.6,37,2018,02,15,AZ,7,308
1.5,38,2018,02,16,AZ,7,308
1.5,42,2018,02,17,AZ,7,308
1.3,41,2018,02,18,AZ,7,308
1.1,31,2018,02,19,AZ,7,308
1.5,25,2018,02,20,AZ,7,308
1.5,29,2018,02,21,AZ,7,308
1.6,29,2018,02,22,AZ,7,308
1.6,26,2018,02,23,AZ,7,308
1.6,27,2018,02,24,AZ,7,308
1.7,31,2018,02,25,AZ,7,308
1.7,37,2018,02,26,AZ,7,308
1.8,36,2018,02,27,AZ,7,308
1.9,30,2018,02,28,AZ,7,308
2.1,35,2018,03,01,AZ,7,308
2.1,42,2018,03,02,AZ,7,308
2.1,43,2018,03,03,AZ,7,308
1.9,35,2018,03,04,AZ,7,308
1.9,34,2018,03,05,AZ,7,308
1.7,40,2018,03,06,AZ,7,308
1.5,46,2018,03,07,AZ,7,308
1.1,47,2018,03,08,AZ,7,308
0.6,47,2018,03,09,AZ,7,308
0.2,42,2018,03,10,AZ,7,308
0.1,43,2018,03,11,AZ,7,308
0.1,46,2018,03,12,AZ,7,308
1.0,17,2019,01,01,AZ,7,308
1.0,18,2019,01,02,AZ,7,308
1.0,35,2019,01,03,AZ,7,308
1.1,45,2019,01,04,AZ,7,308
1.1,40,2019,01,05,AZ,7,308
1.4,32,2019,01,06,AZ,7,308
2.4,34,2019,01,07,AZ,7,308
2.4,42,2019,01,08,AZ,7,308
2.4,43,2019,01,09,AZ,7,308
2.3,40,2019,01,10,AZ,7,308
2.3,37,2019,01,11,AZ,7,308
2.3,36,2019,01,12,AZ,7,308
2.3,33,2019,01,13,AZ,7,308
2.5,37,2019,01,14,AZ,7,308
3.2,37,2019,01,15,AZ,7,308
3.4,38,2019,01,16,AZ,7,308
3.3,40,2019,01,17,AZ,7,308
3.3,37,2019,01,18,AZ,7,308
3.1,40,2019,01,19,AZ,7,308
3.0,46,2019,01,20,AZ,7,308
3.0,35,2019,01,21,AZ,7,308
3.0,29,2019,01,22,AZ,7,308
3.1,33,2019,01,23,AZ,7,308
3.0,36,2019,01,24,AZ,7,308
3.0,38,2019,01,25,AZ,7,308
3.0,36,2019,01,26,AZ,7,308
2.9,45,2019,01,27,AZ,7,308
2.9,44,2019,01,28,AZ,7,308
2.8,43,2019,01,29,AZ,7,308
2.7,42,2019,01,30,AZ,7,308
2.6,43,2019,01,31,AZ,7,308
2.4,42,2019,02,01,AZ,7,308
2.2,40,2019,02,02,AZ,7,308
1.9,40,2019,02,03,AZ,7,308
1.4,37,2019,02,04,AZ,7,308
1.2,34,2019,02,05,AZ,7,308
2.8,25,2019,02,06,AZ,7,308
3.0,23,2019,02,07,AZ,7,308
2.9,32,2019,02,08,AZ,7,308
2.9,33,2019,02,09,AZ,7,308
2.9,33,2019,02,10,AZ,7,308
2.9,29,2019,02,11,AZ,7,308
3.1,38,2019,02,12,AZ,7,308
3.1,40,2019,02,13,AZ,7,308
3.1,39,2019,02,14,AZ,7,308
3.0,39,2019,02,15,AZ,7,308
2.8,31,2019,02,16,AZ,7,308
2.9,26,2019,02,17,AZ,7,308
3.3,25,2019,02,18,AZ,7,308
3.8,22,2019,02,19,AZ,7,308
3.8,23,2019,02,20,AZ,7,308
3.9,25,2019,02,21,AZ,7,308
6.6,25,2019,02,22,AZ,7,308
7.2,26,2019,02,23,AZ,7,308
7.2,35,2019,02,24,AZ,7,308
7.1,38,2019,02,25,AZ,7,308
7.1,43,2019,02,26,AZ,7,308
7.0,44,2019,02,27,AZ,7,308
6.9,44,2019,02,28,AZ,7,308
6.8,44,2019,03,01,AZ,7,308
6.6,41,2019,03,02,AZ,7,308
6.6,42,2019,03,03,AZ,7,308
6.3,42,2019,03,04,AZ,7,308
6.1,47,2019,03,05,AZ,7,308
5.9,47,2019,03,06,AZ,7,308
5.5,44,2019,03,07,AZ,7,308
5.2,36,2019,03,08,AZ,7,308
5.0,34,2019,03,09,AZ,7,308
5.0,38,2019,03,10,AZ,7,308
4.7,40,2019,03,11,AZ,7,308
4.5,35,2019,03,12,AZ,7,308
5.4,30,2019,03,13,AZ,7,308
6.5,29,2019,03,14,AZ,7,308
6.6,37,2019,03,15,AZ,7,308
6.5,43,2019,03,16,AZ,7,308
6.3,43,2019,03,17,AZ,7,308
6.1,46,2019,03,18,AZ,7,308
5.8,46,2019,03,19,AZ,7,308
5.5,47,2019,03,20,AZ,7,308
5.1,38,2019,03,21,AZ,7,308
5.2,38,2019,03,22,AZ,7,308
5.0,42,2019,03,23,AZ,7,308
4.6,45,2019,03,24,AZ,7,308
4.1,51,2019,03,25,AZ,7,308
3.6,53,2019,03,26,AZ,7,308
2.9,51,2019,03,27,AZ,7,308
2.4,50,2019,03,28,AZ,7,308
1.7,46,2019,03,29,AZ,7,308
1.0,44,2019,03,30,AZ,7,308
0.4,43,2019,03,31,AZ,7,308
0.1,47,2019,04,01,AZ,7,308
5.4,33,2020,01,01,AZ,7,308
5.4,30,2020,01,02,AZ,7,308
5.3,35,2020,01,03,AZ,7,308
5.3,44,2020,01,04,AZ,7,308
5.3,43,2020,01,05,AZ,7,308
5.2,37,2020,01,06,AZ,7,308
5.2,44,2020,01,07,AZ,7,308
5.1,37,2020,01,08,AZ,7,308
5.1,33,2020,01,09,AZ,7,308
5.1,29,2020,01,10,AZ,7,308
5.1,32,2020,01,11,AZ,7,308
5.1,34,2020,01,12,AZ,7,308
5.1,37,2020,01,13,AZ,7,308
5.0,40,2020,01,14,AZ,7,308
5.0,42,2020,01,15,AZ,7,308
4.9,40,2020,01,16,AZ,7,308
4.9,36,2020,01,17,AZ,7,308
4.9,41,2020,01,18,AZ,7,308
4.8,39,2020,01,19,AZ,7,308
4.7,44,2020,01,20,AZ,7,308
4.7,38,2020,01,21,AZ,7,308
4.5,38,2020,01,22,AZ,7,308
4.3,40,2020,01,23,AZ,7,308
4.2,42,2020,01,24,AZ,7,308
4.1,43,2020,01,25,AZ,7,308
4.0,43,2020,01,26,AZ,7,308
3.9,38,2020,01,27,AZ,7,308
3.9,38,2020,01,28,AZ,7,308
3.8,36,2020,01,29,AZ,7,308
3.8,35,2020,01,30,AZ,7,308
3.8,39,2020,01,31,AZ,7,308
3.8,46,2020,02,01,AZ,7,308
3.6,46,2020,02,02,AZ,7,308
3.6,33,2020,02,03,AZ,7,308
3.6,21,2020,02,04,AZ,7,308
3.1,24,2020,02,05,AZ,7,308
3.2,34,2020,02,06,AZ,7,308
3.5,43,2020,02,07,AZ,7,308
3.5,44,2020,02,08,AZ,7,308
3.4,40,2020,02,09,AZ,7,308
3.2,38,2020,02,10,AZ,7,308
3.2,27,2020,02,11,AZ,7,308
3.5,31,2020,02,12,AZ,7,308
3.6,38,2020,02,13,AZ,7,308
3.6,40,2020,02,14,AZ,7,308
3.6,40,2020,02,15,AZ,7,308
3.5,44,2020,02,16,AZ,7,308
3.4,43,2020,02,17,AZ,7,308
3.2,43,2020,02,18,AZ,7,308
3.0,44,2020,02,19,AZ,7,308
2.8,43,2020,02,20,AZ,7,308
2.6,45,2020,02,21,AZ,7,308
2.1,40,2020,02,22,AZ,7,308
1.7,35,2020,02,23,AZ,7,308
1.9,38,2020,02,24,AZ,7,308
1.9,32,2020,02,25,AZ,7,308
1.9,35,2020,02,26,AZ,7,308
1.9,43,2020,02,27,AZ,7,308
1.7,45,2020,02,28,AZ,7,308
1.4,44,2020,02,29,AZ,7,308
1.0,41,2020,03,01,AZ,7,308
0.7,37,2020,03,02,AZ,7,308
0.6,41,2020,03,03,AZ,7,308
0.3,45,2020,03,04,AZ,7,308
0.1,49,2020,03,05,AZ,7,308
0.1,47,2020,03,06,AZ,7,308
0.7,38,2020,03,14,AZ,7,308
0.6,42,2020,03,15,AZ,7,308
0.2,44,2020,03,16,AZ,7,308
1.4,31,2020,03,19,AZ,7,308
1.8,36,2020,03,20,AZ,7,308
1.7,41,2020,03,21,AZ,7,308
1.5,41,2020,03,22,AZ,7,308
1.3,40,2020,03,23,AZ,7,308
1.1,42,2020,03,24,AZ,7,308
0.6,44,2020,03,25,AZ,7,308
0.2,40,2020,03,26,AZ,7,308
0.3,38,2021,01,22,AZ,7,308
0.3,35,2021,01,23,AZ,7,308
0.6,30,2021,01,24,AZ,7,308
2.1,26,2021,01,25,AZ,7,308
4.1,22,2021,01,26,AZ,7,308
5.0,28,2021,01,27,AZ,7,308
5.4,36,2021,01,28,AZ,7,308
5.4,33,2021,01,29,AZ,7,308
5.4,32,2021,01,30,AZ,7,308
5.4,38,2021,01,31,AZ,7,308
5.4,44,2021,02,01,AZ,7,308
5.2,48,2021,02,02,AZ,7,308
5.1,46,2021,02,03,AZ,7,308
4.9,39,2021,02,04,AZ,7,308
4.7,39,2021,02,05,AZ,7,308
4.7,40,2021,02,06,AZ,7,308
4.7,43,2021,02,07,AZ,7,308
4.6,43,2021,02,08,AZ,7,308
4.5,43,2021,02,09,AZ,7,308
4.5,41,2021,02,10,AZ,7,308
4.4,42,2021,02,11,AZ,7,308
4.3,40,2021,02,12,AZ,7,308
4.3,36,2021,02,13,AZ,7,308
4.4,33,2021,02,14,AZ,7,308
4.6,33,2021,02,15,AZ,7,308
4.6,34,2021,02,16,AZ,7,308
4.6,30,2021,02,17,AZ,7,308
4.5,30,2021,02,18,AZ,7,308
4.5,41,2021,02,19,AZ,7,308
4.5,40,2021,02,20,AZ,7,308
4.5,35,2021,02,21,AZ,7,308
4.5,44,2021,02,22,AZ,7,308
4.4,45,2021,02,23,AZ,7,308
4.2,43,2021,02,24,AZ,7,308
4.1,38,2021,02,25,AZ,7,308
4.0,41,2021,02,26,AZ,7,308
3.8,38,2021,02,27,AZ,7,308
3.7,28,2021,02,28,AZ,7,308
3.7,36,2021,03,01,AZ,7,308
3.7,42,2021,03,02,AZ,7,308
3.5,43,2021,03,03,AZ,7,308
2.9,36,2021,03,04,AZ,7,308
3.1,44,2021,03,05,AZ,7,308
3.0,47,2021,03,06,AZ,7,308
2.5,49,2021,03,07,AZ,7,308
2.1,50,2021,03,08,AZ,7,308
1.5,42,2021,03,09,AZ,7,308
1.3,35,2021,03,10,AZ,7,308
1.0,34,2021,03,11,AZ,7,308
1.0,30,2021,03,12,AZ,7,308
1.7,28,2021,03,13,AZ,7,308
2.5,32,2021,03,14,AZ,7,308
2.5,37,2021,03,15,AZ,7,308
2.5,29,2021,03,16,AZ,7,308
2.7,40,2021,03,17,AZ,7,308
2.6,47,2021,03,18,AZ,7,308
2.4,49,2021,03,19,AZ,7,308
2.1,48,2021,03,20,AZ,7,308
1.6,43,2021,03,21,AZ,7,308
1.2,37,2021,03,22,AZ,7,308
0.9,33,2021,03,23,AZ,7,308
0.9,34,2021,03,24,AZ,7,308
0.9,36,2021,03,25,AZ,7,308
1.2,33,2021,03,26,AZ,7,308
1.7,39,2021,03,27,AZ,7,308
1.6,49,2021,03,28,AZ,7,308
1.2,51,2021,03,29,AZ,7,308
0.6,47,2021,03,30,AZ,7,308
0.1,67,2021,06,02,AZ,7,308
0.1,70,2021,06,03,AZ,7,308
0.1,69,2021,06,04,AZ,7,308
0.1,69,2021,06,05,AZ,7,308
0.1,66,2021,06,06,AZ,7,308
0.1,76,2021,06,14,AZ,7,308
0.1,80,2021,06,15,AZ,7,308
0.1,79,2021,06,16,AZ,7,308
0.2,79,2021,06,17,AZ,7,308
0.1,78,2021,06,18,AZ,7,308
0.1,78,2021,06,19,AZ,7,308
0.1,77,2021,06,20,AZ,7,308
0.1,72,2021,06,21,AZ,7,308
0.1,70,2021,06,22,AZ,7,308
0.1,59,2021,06,23,AZ,7,308
0.1,67,2021,06,26,AZ,7,308
0.1,70,2021,06,27,AZ,7,308
0.1,68,2021,06,28,AZ,7,308
0.1,61,2021,06,30,AZ,7,308
